accuracy: 0.356712
f1_macro: 0.326338
f1_weighted: 0.336885
mcc: 0.015404
kappa: 0.014427
f1_DOWN: 0.421904
f1_FLAT: 0.193703
f1_UP: 0.363408
