accuracy: 0.351195
f1_macro: 0.245166
f1_weighted: 0.262188
mcc: 0.004962
kappa: 0.003305
f1_DOWN: 0.479352
f1_FLAT: 0.001133
f1_UP: 0.255014
