accuracy: 0.362837
f1_macro: 0.288776
f1_weighted: 0.311972
mcc: 0.010674
kappa: 0.009566
f1_DOWN: 0.429454
f1_FLAT: 0.023190
f1_UP: 0.413684
