LOBModel
  best_epoch: 4
  final_train_acc: 0.605600
  final_test_acc: 0.309000
  final_train_loss: 0.850700
  final_test_loss: 1.161240
  test_accuracy: 0.351195
  test_f1_macro: 0.245166
  test_mcc: 0.004962
  test_kappa: 0.003305

LSTMModel
  best_epoch: 5
  final_train_acc: 0.695600
  final_test_acc: 0.294000
  final_train_loss: 0.686565
  final_test_loss: 1.327822
  test_accuracy: 0.388887
  test_f1_macro: 0.302431
  test_mcc: 0.037566
  test_kappa: 0.030588

