accuracy: 0.388887
f1_macro: 0.302431
f1_weighted: 0.326724
mcc: 0.037566
kappa: 0.030588
f1_DOWN: 0.326020
f1_FLAT: 0.070874
f1_UP: 0.510399
